16 31
18 32
19 28
18 30
19 28
17 26
17 25
17 23
15 27
18 26
17 29
19 25
15 26
15 22
15 18
15 18
13 24
11 27
9 25
7 26
6 24
7 25
4 20
3 20
5 28
2 25
2 20
2 27
2 28
7 30
2 22
0 27
1 18
3 18
4 17
6 21
4 12
3 12
3 12
6 6
6 11
4 11
5 5
6 5
8 9
6 15
5 9
8 10
10 10
11 9
6 8
13 10
12 8
13 3
10 6
8 5
14 7
9 12
6 3
7 3
8 8
9 12
16 4
16 8
16 10
2 16
19 8
10 5
8 4
19 0
9 0
15 0
9 0
11 1
1 13
21 8
14 1
12 3
19 0
16 0
22 4
7 3
6 0
23 8
9 14
2 20
4 18
8 0
0 25
22 4
6 0
0 25
2 18
21 24
23 26
23 30
16 17
22 33
20 23
21 33
12 15
7 7
13 16
19 0
7 6
23 20
7 6
7 18
20 21
21 10
10 18
23 35
20 0
21 17
23 36
4 15
22 12
0 26
21 3
20 1
7 7
14 15
1 26
21 19
4 15
4 16
20 38
23 12
17 14
19 35
22 13
21 37
9 32
21 31
23 17
16 13
3 30
8 34
22 29
23 16
19 15
10 29
7 4
22 25
22 16
11 29
20 10
21 1
15 33
7 3
7 5
20 13
14 33
14 11
21 32
13 0
18 21
5 33
18 11
17 33
13 28
23 0
19 39
1 32
12 35
19 19
13 11
19 0
7 7
10 28
10 22
13 11
5 35
20 15
7 22
16 0
11 17
7 22
9 22
3 19
11 4
11 36
15 11
16 37
7 7
7 7
9 28
12 13
1 32
19 13
8 14
3 35
17 0
12 0
13 16
22 29
14 35
0 34
17 11
4 37
0 32
8 28
6 36
21 0
15 38
7 2
20 27
19 34
15 30
13 10
16 24
13 36
8 22
5 34
3 30
18 5
19 13
22 28
15 14
9 22
21 23
skdfhkdsjhfsdjkfh18 29
20 29
21 24
19 25
18 22
18 19
17 15
15 23
15 15
13 12
11 8
12 8
12 5
10 10
7 12
7 11
7 14
10 5
7 16
7 11
5 18
2 16
5 9
4 12
3 12
3 10
4 14
4 4
3 7
7 6
5 8
9 3
15 8
6 3
2 14
1 6
3 1
3 2
7 5
3 20
5 1
7 2
6 22
6 4
7 19
4 24
9 0
1 23
3 21
1 18
10 0
7 7
7 2
6 24
7 27
6 0
2 22
10 25
5 26
5 25
3 22
13 3
5 1
6 30
6 4
4 29
9 30
9 31
16 9
13 23
11 31
10 6
11 33
12 2
3 30
8 32
6 33
9 35
14 3
7 35
13 0
8 33
6 37
7 6
11 35
13 24
14 0
7 0
13 34
19 32
11 35
12 33
14 1
17 28
14 0
13 32
16 33
5 35
22 28
15 5
17 1
16 1
17 6
18 8
8 0
18 1
14 0
19 2
19 1
12 0
9 0
10 0
23 27
21 31
6 5
19 34
8 31
8 0
19 7
4 16
9 14
5 21
23 34
7 0
5 28
21 9
20 22
7 37
4 4
21 21
10 18
12 16
5 38
21 9
23 37
11 23
21 38
17 28
21 39
23 22
16 36
20 21
13 28
18 11
23 11
23 33
22 32
20 16
22 18
6 34
6 23
7 26
20 15
21 13
20 13
4 17
20 1
17 11
14 20
10 21
13 17
11 13
22 1
8 20
19 15
11 12
15 36
21 3
5 6
9 23
15 8
17 6
15 24
11 28
21 5
23 16
8 17
22 23
12 37
22 29
10 14
23 6
12 16
23 0
11 0
19 36
18 17
11 26
9 12
20 0
14 22
21 26
11 0
18 6
15 31
15 9
15 30
17 0
